x<-c(2,0,0,4)
y<-c(1,9,9,9)

x[1]
x[-1]
x[1]<-3
x[-1]<-5

x

y

y<9
y[y<9]<-2
y
