age <- c(10,23,50,36)

sal<-c(10,50,100,150)

alpha<-c("a","b","c")

vec<-c(1,2,"a")
